14269181023713283469409370333547549236318851962326147399085
6281802448936415038238083073877529338839481387500
207457577670309406684748167001124562382815160095000
141350403154576867938693694619834279328102496343187601259785112
24496151091932207095686108616868339828562001831
27999169373929418342118440025307745190494397290358082837500
19869916068339140675920183562532891272176194742729121955000
87525779048177450928173550908694501826577040088384309680
165102361765785925426187098463750051511579655102415
126163643844879374059048454129949988143212402662769933188567184
129278226057284675969403889843091665659851537466740000
742106067844163846361711624175322089970819206861875
91342046123212629928452016433431792669107137243812047678075
2493056374358795151340433201049746838087064811375
16934644071451135869890286504980840880037448467588957025
15690496623531596682290251022810900418686592393168153251875
40047017072458504752276416784245952801968355303
155479867644212245724084485061121173951042474482551451982375
85068202786160612796234759193444326252115143870458529067120
27150012303497672377375149940544292527166833555821559710815577995280000
106245303066959538886459182417039319147047000
125147429227922908094193348014810771222960059898608
77454208338042469851455356356168484610966031192
14766698851380609563558533408691463895604238745625
1159936983758958881720062885363185292341345916696
44503532251036693756609445550141542725727229110028750
90624351057574571176214979261075117120945
637992065847433069956177569099175239582853956970239849725
898628994147904881359557132166400037594456842205
1242016103456093873030821154507707103371956371875
79127440979248392961180699954834778703886106484230529045560
2451443964312352293770372423599659209633684947593887574401375
108013402772060402976055573240113759209164530249000460000
67575917033855214907419186867811898503989846974999954000973740000
21351678131277822022344831936365968341759314630772915740000
111636860097554805936133574511105823183252704296540000
247873927903418075587873284388824346883377399961784806887938375
454539713861633769695626317380278875671990548717617028375
176042858203648779525240921276166034875690497054096125
115571366762055504798334443592406688579767323319375
657531349933542802288855227669398129583070262326628585369418375
117437460183877842958843906839631930790579125
148057533760603875305331310173756788575670424762206054871405
2589871591357857492105169800492080776931399461375
595230513242348413555073548150804686866818492056375
10101943019507733940384526628321714749695212144051210
14904487965177045339285462477514170425285224100693981920608
6764111978453898113168006484329207837800000
205695665373325593030917626962019159359425625
15481791526314798940672469838033133273066998260198579497500
85659261872772107575961219069020436557252994922137366882375
786960515295145041618390318945234242967962222857705
148474907447687618776944583370603527882332281515358224
10337762542424954144035243851165098122473608748
428017191952576964494380940518246883927400000
952324794550797922132901727836134978164866751368208
30419671350418300850446553343804489761364956462015580
109130340916811324771899030123922742952761255211732022265965
55512047564199763777676989471770549995474337312192865
220366290138676160474963656611076575691508860673149814375
1479236406540247888667925033923045790573874940182841102593375
518125689130527079794709302806547114479079018492305686250
172215745641331304831071250308833752725314644112
41279724461898730974769044444188185487264590989509840118750
647618032870345907125867329216538257607101673573543207881195000
926193259891908682868085354646111819591356893277402092750
2501473138051564810419437449565140919017118666079291185
247349695209205320542732763310791920969085399924783908125
2265806382403579065456680090860482180245013487969680000
1618975344518681257083105473905619592971726798375
35004048357127738800468881351136932312404200728260000
10976324248126041295592833137064732733386674411135405000
2514140450452243860890556242851801553395829748750
10589795795362514386464581607462050109126957594059747744230000
10327702223029705383968049800128029937856
10732905622928185415242422852223186678850318309360871845
836893714419438556684036753150459904532058
565843395799995554857323989208399608320892587174400231200
211999587333054769475628263369747044080612717579659792
731416744282260448971954124509784938370930078500
1262101283933819581058667771490518894929795568
442354470406083425961985385781980809046033054
1021584314723550061794133789376937323638246250
986254010144733776147152332273323536972642424
337330724932218819864574526890989147301759068094945180000
2039999369071518337376397751260390313424437968195923733260000
10879918258381661684825523635517728095733876830
98377655016564614917124376127807895258065720287588
2265231984038390637370312007270218345148707194418412857400000
91003006283552503612277980041370693195651354192304152
2337327917398978842877612183326639743371048779675117079128043765000
5139749840601193987025488049948928670403795364257
320737612217194083102874086781610169702831259758717622375
130674213772611719375851724517585457586375
306465363059745900897192359482030484058999530848525
12301596658374204322728783019394744145753782375
21311182242192041692922306210203617964862743560939485
148133117342691473586563219835072726594605784636301077049879375
6655179146518209775818593078810653613440521665000
254755793272054258722450042207721748667804288490024481705690375
11715623554936713489472141293213405563149229148959128360472
1339370514376036863163796679767067648096744
16864524407053644921569684926865622024673974541640000
12839029099597547081938590686650108057054563737507786329585
60778050587059747690855962147253600001809969577824048
10746081006494548993445515100733300157035422905424223202385000
786109414604066828841152888810109276445
1556515390435113159524800742598468875
947744640547307505797235302151286605997262797575
190902814928841983760386392224736654351927606948375
159995852424146255996489595017695637512315485
167655947162978169074189799049786256786969643557500
379718286812856454094146830660287789765574041822937294375
19794871328706162827246930287225377017688721500
44922568535405358951779732527206268
3877611656040621581183019370753054097253619667695088829087500
197405237612791322854979984380744799149587888
405468936524893012071459948942946044630694506055664
168069436299930510799224253652190239657024489020000
262219129269886213323545375652153847380979407956398298375
2268759159846219118253439086192572891278461587033253375
138696771805002816355630372681769494918369017748265
16938614542586582291527486280167414524350223826683600000
10459603216392599157338716291012475345021062641
503517317244420413920359994577184118081620365803180
21113888740868013214712322217454319395856442587050744981466236640
47226174599838957172113452616349781016368713841617233171222640000
18155575133029658992415856782414649368288491937236247948622500
23072254204637091629060747246892691166813079073619050969025
34760688771956783147748279663920416060409575597397375
105845242319662715862779892182562391133862026838037103325
277640526001419222177332143016969907978338051618217525625
471036308898835762293211712981713019999525979241375
1251243222961055763139828599863925111723042196471603692135
53357791867036740856920444345672056942543850697921696020000
371424076129747080614269140831101166633520580866036616856218629699905
585327984861342169623632430721543951579986613051011304
246682702343656534840280006070834016063322820685982800000
8237329700509293896716222188888747670853950024200
500997396584030628782583689403771365338682072104538538375
35974306450322032586648274026358891205555060271703703687500
37883265514573304424882422849767169757918014375
2310473851082974549131680043433442273103264930375
1301169953928613410452469446919276397369928479093564184
41114348061720550708827278357053822956352255114390225623375
86602387849487309301947281550467647099775201346082816981024990880
37022857539792181535191416071253859053107485975078871644421100000
332783815442481270961520642869399012161305187331759666375
23873936251588036071702386635335682551728938900916496508316
478099773807208405357948201083150116333796089454375
8688565073334746742204664742628883497838326923776405000
20338214556217445811862546802072310397958868659818936
2212741769613989618968022785472256292422710471321791645
1288588756167726190722841970088429371294929818875
150074227263099116794554695883222880256984045
142651540929854996006333714205723187411874741256375
611832371200432636918580349065533250181
1178610801944821821261232559636175304583052704863160000
7757780902597166291515224711061591250
92069162022377562254060829845088241837320000
34962563972407181566987788991118404012563019336173375
14458398831665326977463954715338425518350063765550375
152134281688761830972668838424442513880398206592200
1343191441894647408607628922749691044060509216351430990119375
4035707895621578165358214171641822166616948351731640750
1026374186377297932865426921293774836209234568074485
18986118818324836115760360466723443299701932852476720
5628228956304050871318557588011306038493455834375
9526299594415414418796447332628344511341687753302885
872717280620803736463253982954941670889720978754
13016939274549470597880879048813836508925507840848845375
15821568047221484440928036511428769336285465977495534011887375000
661335007922082243415438633344041008653970389056
101954083564377837272444613423649208160098899695242625
125005879226793162008358025404357218389597241567579314375
496266772024173447079713884263014928877154476553885
4246304331112652904932229025060035120305373227500
388351937871021424209808016633375000432163375
292884798018784155049042812936547060723856131639730
862051349850863414342392367560277901723371682594820497156325
154772355136639288820145005541331911381196054133248542375
8308354714561641079874334050965853074685
89880324531435810057763692668621732129495065860524359765
175527827192368960925589035838112792719049842148003012852228400000
7048043288250028070739471201200594783086530824344106256
23153991418127282235689120685618770664494340238917445320000
2961741793414040094054989434773978323340785191356683031550172814557414375
119041864216696214191053574196703593476
1666645696382899039368674176966911665200450905550406228750875
1449103465913392630866222698332615467629419
5728936551118162491074041189960729552592056816
18733675519282418040484648268619862850575484428273372018905
30051442248851666755658195074366157831070328046720000
268383946160120598199409641877428885910868721095614879445
13243430962790584393870200276767335696736218387331850375
2550082043703603802273150874423677061720788834920605422936769594375
1801978492529383206814595854428526748309161197332065
76318258884427406388639182423362234910364679058817833837723888
1781607149712461246282305584916318207247485814375
336188963511175362487292621495169305920881868497652975000
2706850204626468934313461798854589750
41137354622923449677848816546062925326250
16956072607942790209200309642306219651375
467450589200129625368652885577778829994677467219132880375
1239578140624636955418524996179220654798477694861501005
1609293105884164558048208609019030359779392
2791847963016314872145939882495941683354705963375
1209604523289263621604943220614553859105226777552824272
1551267683517069073852901789957778719979916581650991765824875
8209056438768528325714803429974833750
15154006584199055801742466118991976540370021250
649473792324910008770864373336474081954592500
919718960730270796945467273366539133840834361473491600204496
27595252697652733506766508806301102691997164184680481276250
3220587170723999710186753184508238155488835
10771435242233620122976365816488893187968622657323040000
29180524415433981230926449322622546437877032285
6498843239209972743961096952185018231062716
29187605173701543396725676933692550682734119280635000
6468232258287667402358197120679931439649618359224918075740094976
9108459220731858503299576066700065073340
2603907273270262326980011542242596652648470069105
6297281692114121523405064973505031875
815927301403482914348550806610583430625
2545575460283867432313723308681896298315868711312
16703466539798673340154720732220909431689505
8379135036085079731468870034765202933703397551846577375
713962134569940324238429892674399357796600675735825125
1544782348181474047229207707115141556917468292755271483038707380000
19208556281798345022536258866709595321557778528136
9323687715069258048076405827944366389723135808
116588271933234238624476329874978665748346375
2776921436224013426292099814103889501175131611645
91044988405787587261605438292890051608754954072927375
84976966521464389883567599468883486714499165000
79220592175680448361662003724756195625749226085375
17976328375293330340348573103585597823629003603220250
34157645781792178421257452796295267728611637127894725
183134657597131581470747218846598362926928055006080375
89896489262653168256708685357869281921844544753596375
3405936852275539281966680043248687880575473044381902388769371312500
284036014268255659506647919185755466282937429037487304045
39122649965260393605498159671630997447381044500686375
1638474040128023109262013644885118175543579057790270000
147838027254889206297618759074326076166258403523030741919608720
696505888066533896679006857931588076180581806768
137239437644660882905570148200544
9993676940977308005533077809215144417214060843983917657197725
14655838257714322421191578605763935148451546122965452285
7147859984466224480161327430926247709878899581095750
2463184001792108967898486167588869373110831905000
334167559306551791812034551408140817775603287396462373377954960
22524318301387161208951598189112660280986465432125
125254928397448914460719307530686012992604759825321573400000
469237190954320394466889606174947514567269375
4706015247026610086480867813023226427034210172915017500
565406275499857973487584870644750624058075064
87646142042288649606061083608700242018241415456810750
12377418865745070188926164792270875114724314071189725
93529561757216563662126361052951141456719876409723375
10754434458007816013355570862052831407425829727089883333105000
38265699494334782802012505488555248
14128131442796418972415988999338081878325925494109375
146849267115976389375206070584636169892585224520000
6719436119433559217976925724834315013
27198012150065821786264350200597374254209866265
58167253468196070497762935254076406268645
9539699822508261326119502402707924213699563152545
78811085065811294243998739395712975119902205
278846506924715650236526369757267899917486176627320
1148364376599808468150936439120728818936237555554467125
908764013782227756932065213078135755560023360192625
28563848324535770767448851903153640247335754845
2482910527655260881848858912641184607653525
1108003244482665346742417690507862930353839622540375
996438402035231603464277582278968095165113243757375
21956851953563007518786432791829561407563270141270375
23038485979290021647371724953280813647322048280625
74050188763259911837022859226915236424819354680156973038531632
10502494110659661653228867926054959533577926350000
23188662168108668871159181188854083266556676365
417478454406959165375625262176651483200966928949944
1325433916289658938824048281810526729210994163964975911524577375
307492724484116466345949029554572581468676540
169589997499538921312221944278824800160942775
74648711919477271116482327742356835197539169000
5764464650337465591249242110581540109842610576672369
19192556622339741022612075560080528464284339987304233993128
37868098893216239490611804357051702235875
880006701927031448090039602407349760355203622803601271985105
1306334627096883716698113845030246699526246911489957534666375
96380023658767702605917916199511509612946280
347556128152535954543599033304538175277460332888943845000
103558874075816126452476782472696515014353725375
1104052677475322749859457787817849824557784614923125
1563175097387225242991708339685405535561684714005896875
2305597688414674183053864651148379415890938008332829712
1860942963949938378191364212676394375
350282460678539278370465884639180883942768783738222634875
1400101675843547267849011247608727788598375438495400592
82084673693160111825415898189310701307175963275331600
220245974612750477574454480979181127362163619838125
94049273449101254282254037008704844940524250
60095924562487614629282099605370224702751549635319272200000
1502791984581385380980235615729383689340101466792
1279597371375697020885820982432533765595584
53722970562247653913795631386049557082664719584955351133485097500
11485954981885681415060205777805738777250792164264
1997243897629549768204466136488425232672407616059303925
108913712250233889027684376433516860056589330061794251181620925
154518509019324886070405963176077614647253967149805626983806375
50223662418465010934478249284206312072629239916342375
2320428488810719123958405635951168501514608827269032128
814094982983325743844414828569182828477234784889304326
10522522543225182077704202905018849426877526366951397467605
790098452621149605798227103708632249042296176032
72524615243874961579202709072940123912846888981375
8577871806418490159147364480121835022174318154460524131745
106409192515109081872407519178361679722375
66975881724075409615295049084200307796507445
108711098542295842262713097193387886332725760000
632606202963247394632587603110667196694957155755439719523696
22063850172145066885850351739862551784630958400545489233125
63820451724077862365629613539554851939460924209822308726205
1756822992765510095782374777520047562475572107840000
2610305868475966212193676634934154895734196420000
587543706872248585664922690655493844352910696655112119375
9178418052863235146228949587386684978360336272
195460401026742453278756134060530308097260887643799387375
7125172810187956216673679098392425436851619940558761250
702806455741162126369503945640696486994702134030258110375
14224094439120855666557766013547259071200354208
102287302692144800135485226732608700949387616857436450000
52471470323122123957925590221467182099375
8149372736932447021348465254662895515377972872375
23639196799561020876636135752218167409945140478954512
11187712068099968862159018093298143271721801486165018395000
33806941099637758564661796592119333658421859375
2300014789617495857300900410498963223003188712118876375
800906399764263946145770430354640776625
24954160647055625264444687596352004664218745214708663005875
10820738754942710778406182166603239869229938502375
1351312711096953830722654128016662374029638224560000
126532014971975977066935812437826734414561884128560000
1003222963823088788995568910386694295407884140797030221375
1691045370541190453709199792772502553712625
24926649277611301814367204062665949623537657330182375
49032583984325185224549642109026003714683344935771718538125
12629297004658541341994520573127806084652885
1408108252087400879138712395656121451472447580862051325
782376506741336067662812840182135215269341910537301092505
6247223451223689217865377814958668521225041741118126792098338060000
3374550157731296316547001498146312867761139565269097975901165
2646727778680926481714631402348398898637967882994164915160000
639256961600416075277664276040696247876184831932375
2302451087355735629784544313741754579834375
2643075437734134504535239541852792141804644460000
1019689196914869221017706641027973419791006865
12714493402859402739982699998556450399452588038007269015121017788685
7226251516242222639544561709938296368191816322
21602870099258978532646655531449989609944123237950393280954375
3526995907378552428249584730207772386534926392146893228
28612457023336583587092264057633107079047783978141538010881568925
1038992069412612519929997254126358261711845981707908125
1558045683050644532305230604692524030717632859375
27731059055778520535613283869676002500
43469338734726192598953776171677025080364521506466875
132707113938678466176271951507330544786885
1268620083592505906589193906985480002126519527860164
63745827920511442986965930105403787015688334863017513330
420520923902341699415650132399261058534725744725693192500
2142359401225238855209195441096790028536109812804875
29196800476932527623432110176433817348685
1858520918791587123546196789291074521084390
1871943913252818142838278360435738616277377558819785082617355
21749897322477725408437715032810297414794871875
109343288629470282329197926816781616291612997483664
855680081969158304279552550182291344586651621999375
584136439365409450306299968124038619517892
11706393926146535718979998719809675651659215101394512929527854864
1853088576641486796543509659403395566503057345156100555626375
1896043258419689990564885580293241238070239388961527545
350584375767241874435661017114214581275472720
43880939394117788918596126217690019228898931690879605
436241663315886683750004813813493273072064550108270863920
136178005090560214259023413666739208713578373399812896861750840
10392747570588837467243362887035889285866556881374192
24447927098518522451902296132796110628811301955283090694875
987063817711257819274270219723416336124402705384905125000
41421196756537001956766203409914751809490380000
61193829316340602282025298373796286464781954782853056
1546147417229637280765334139396753331457687318754492854875
147477544882063995760706610140732467592978375
48747118804041522630792238322642564496087550620394580871805
914792360533495715889588263531149124354624636469840807896814207575
926829023954226954961356285951108988813525827087643336368
12549534302269733853080035297388210012321246439845295110000
16212635807508227124612702540925534587919779737860042375
281926574934536551143936360927390408075133375
1176304790966397318181981665846931777379420221113723901057558375
20889726720912111456081850337381619486574226045
11322626805658217675349283160418141621648640765
7650835929276704778163782045274138094241827101335340000
5976039999535998973422184027050660482913103060795
3457122363719154208823558364640628442192367958690841296
190871535400954674422941649241769256997966725
5354084715048121100725162528204270218615084633863
1034582160686878637328704933911091898026229284866778
11036623306736018298388573515266313742519033610011984
31580312435993032368633134897549135083833660792960000
45707317811840908581122976109184278483816969636564845
127076033498690521760383442598831796366270389822375
7536440875479395986455880072094165706350952
1495459092787356343308074870025560225491504029245
16610707994207790730143697215003035224399841297071309853586225375
4176647413922857150711599258681751940719581066085
8413740789054217074048786854437984249106285772055
11286148911507395466297957727522258860404489367088882045
95084723269746098481138856224077206659687360464
1418765747035852433484751768909725826748248449206458473220000
1665057421760788669369555760347362828550373593872
186966566749917286767058191378003140959963094994654607188970000
954615015948178820998191152513257378534960605
12792489604632096220573708715319158829851159904220000
196173419939801769570711998340925437543193935338439816877210296
121762057151324070410820443113094740845483963525590672391760000
217525909591907147521709505590085801373054659239312
4453138899081953839674961529636495884302558474289278375
15545357918257948884399101406704952744110450289915635253180000
214251239681755949376685673210216586038488898273027915210336627400786981070808875
1160076972268441443925231915075796873977609617303543708005
319926238097854494058571999501212585444210035
119160296470532080112194819416880324952220437617680
2029408882775933251946098539645763057886378600000
26712585652000614977832464017968504820854039221857721786422880445
1148272570865310677444586027812923197075400715260000
24844557303159837563342088577073642037354458146391456
207150450785112172957265163042568647113401812
1045348299458126287056321023532555081406944048866960
45249863080523994624191467195164865792957535001033000
33050917452465924358869187885258627749869377106548408235391360005
116161001640172344210511332774530597846375004845
27252251195963669056924926976812104015373449425
10845174273051367737803208752975799828435660840670058375
15681322036035570874183096781079304876580473080
110069510130479600167725106020633950445
179084363229020588694089864061256774656136445
3302504215632554637569514455770061710862323471898014745638608
22322065189738950125642536529919775816288
10721059005476902631914552101366351811141230000
11496984586559645387279346156595583042183220162097583875
2618153286201959918195409172361452711718365711848176312
175531833805512754137516190150207688412888679911500
108796438825454022409621351838429833935352948
15228830895078484781033431471840736963077416602102331623760
34574086716809197500029492622107626368067019775750757732500
168292996105039793240484436392905223839135717148552
9506572611482756233049013176272744937202351313392
1728935373303241485036230803522717940674312950741740000
285974934246601765900156051069395912031772061840390835000
356342271713358890750844138753006091931162500
95565309707797259465780386468212183952173182063580000
336733060874377604448327060091515363322637818518560939805
16201238351644506783098250886987287037316904266045625
13495840249302360809941799992323965561597193274463332
2295565689542287727374635484322147433496940001250
16143638416407147172358468406930411986508437418065
5633115051519442426746720351743009045435268547634149123803485
478450790642070959405930609166413554564263937407375
196580467972667081119957376303547904358419581512125
5197419760584163130111527706728302291052429517145
10482193844479049798245285760350148742210295772343472
25374210248517060874305229519592779720895157482878512036500
1506225655511286392150662791788865998511276605837990946180795
244237999564595209186340584191925396057867766998619207250
1692908446038294157153291041356027763902460176098451331097875
13206217882377533062178428609831426676707371272
392305180529432169914433325233746075581064711667786332750
13566305142935249517371609122444677239222975852500
30021022885667232574138895865167217015000